  -0.49999999E+001   0.86837704E+002
  -0.49699999E+001   0.86304391E+002
  -0.49399999E+001   0.85784676E+002
  -0.49099999E+001   0.85278104E+002
  -0.48799999E+001   0.84784243E+002
  -0.48499999E+001   0.84302687E+002
  -0.48199999E+001   0.83833048E+002
  -0.47899999E+001   0.83374961E+002
  -0.47599999E+001   0.82928080E+002
  -0.47299999E+001   0.82492075E+002
  -0.46999999E+001   0.82066633E+002
  -0.46699999E+001   0.81651455E+002
  -0.46399999E+001   0.81246258E+002
  -0.46099999E+001   0.80850769E+002
  -0.45799999E+001   0.80464727E+002
  -0.45499999E+001   0.80087883E+002
  -0.45199999E+001   0.79719996E+002
  -0.44899999E+001   0.79360837E+002
  -0.44599999E+001   0.79010183E+002
  -0.44299999E+001   0.78667821E+002
  -0.43999999E+001   0.78333549E+002
  -0.43699999E+001   0.78007169E+002
  -0.43399999E+001   0.77688494E+002
  -0.43099999E+001   0.77377345E+002
  -0.42799999E+001   0.77073550E+002
  -0.42499999E+001   0.76776947E+002
  -0.42199999E+001   0.76487382E+002
  -0.41899999E+001   0.76204709E+002
  -0.41599999E+001   0.75928789E+002
  -0.41299999E+001   0.75659496E+002
  -0.40999999E+001   0.75396710E+002
  -0.40699999E+001   0.75140324E+002
  -0.40399999E+001   0.74890242E+002
  -0.40099999E+001   0.74646388E+002
  -0.39799999E+001   0.74408709E+002
  -0.39499999E+001   0.74177188E+002
  -0.39199999E+001   0.73951878E+002
  -0.38899999E+001   0.73733013E+002
  -0.38599999E+001   0.73520860E+002
  -0.38299999E+001   0.73316744E+002
  -0.37999999E+001   0.73123677E+002
  -0.37699999E+001   0.72952289E+002
  -0.37399999E+001   0.72860142E+002
  -0.37099999E+001   0.74130773E+002
  -0.36799999E+001   0.26315790E+003
  -0.36499999E+001   0.19032252E+003
  -0.36199999E+001   0.16523954E+003
  -0.35899999E+001   0.15148822E+003
  -0.35599999E+001   0.14249201E+003
  -0.35299999E+001   0.13601529E+003
  -0.34999999E+001   0.13106180E+003
  -0.34699999E+001   0.12711178E+003
  -0.34399999E+001   0.12386420E+003
  -0.34099999E+001   0.12113114E+003
  -0.33799999E+001   0.11878845E+003
  -0.33499999E+001   0.11675042E+003
  -0.33199999E+001   0.11495575E+003
  -0.32899999E+001   0.11335925E+003
  -0.32599999E+001   0.11192683E+003
  -0.32299999E+001   0.11063218E+003
  -0.31999999E+001   0.10945468E+003
  -0.31699999E+001   0.10837787E+003
  -0.31399999E+001   0.10738845E+003
  -0.31099999E+001   0.10647554E+003
  -0.30799999E+001   0.10563014E+003
  -0.30499999E+001   0.10484473E+003
  -0.30199999E+001   0.10411298E+003
  -0.29899999E+001   0.10342950E+003
  -0.29599999E+001   0.10278971E+003
  -0.29299999E+001   0.10218963E+003
  -0.28999999E+001   0.10162583E+003
  -0.28699999E+001   0.10109533E+003
  -0.28399999E+001   0.10059550E+003
  -0.28099999E+001   0.10012406E+003
  -0.27799999E+001   0.99678968E+002
  -0.27499999E+001   0.99258425E+002
  -0.27199999E+001   0.98860831E+002
  -0.26899999E+001   0.98484760E+002
  -0.26599999E+001   0.98128934E+002
  -0.26299999E+001   0.97792210E+002
  -0.25999999E+001   0.97473557E+002
  -0.25699999E+001   0.97172049E+002
  -0.25399999E+001   0.96886848E+002
  -0.25099999E+001   0.96617200E+002
  -0.24799999E+001   0.96362420E+002
  -0.24499999E+001   0.96121888E+002
  -0.24199999E+001   0.95895041E+002
  -0.23899999E+001   0.95681369E+002
  -0.23599999E+001   0.95480408E+002
  -0.23299999E+001   0.95291736E+002
  -0.22999999E+001   0.95114971E+002
  -0.22699999E+001   0.94949765E+002
  -0.22399999E+001   0.94795800E+002
  -0.22099999E+001   0.94652791E+002
  -0.21799999E+001   0.94520476E+002
  -0.21499999E+001   0.94398621E+002
  -0.21199999E+001   0.94287013E+002
  -0.20899999E+001   0.94185463E+002
  -0.20599999E+001   0.94093800E+002
  -0.20299999E+001   0.94011872E+002
  -0.19999999E+001   0.93939547E+002
  -0.19700000E+001   0.93876710E+002
  -0.19400000E+001   0.93823260E+002
  -0.19100000E+001   0.93779115E+002
  -0.18800000E+001   0.93744209E+002
  -0.18500000E+001   0.93718487E+002
  -0.18200000E+001   0.93701913E+002
  -0.17900000E+001   0.93694464E+002
  -0.17600000E+001   0.93696130E+002
  -0.17300000E+001   0.93706917E+002
  -0.17000000E+001   0.93726842E+002
  -0.16700000E+001   0.93755938E+002
  -0.16400000E+001   0.93794249E+002
  -0.16100000E+001   0.93841835E+002
  -0.15800000E+001   0.93898766E+002
  -0.15500000E+001   0.93965126E+002
  -0.15200000E+001   0.94041012E+002
  -0.14900000E+001   0.94126534E+002
  -0.14600000E+001   0.94221815E+002
  -0.14300000E+001   0.94326991E+002
  -0.14000000E+001   0.94442211E+002
  -0.13700000E+001   0.94567638E+002
  -0.13400000E+001   0.94703448E+002
  -0.13100000E+001   0.94849835E+002
  -0.12800000E+001   0.95007006E+002
  -0.12500000E+001   0.95175184E+002
  -0.12200000E+001   0.95354611E+002
  -0.11900000E+001   0.95545546E+002
  -0.11600000E+001   0.95748269E+002
  -0.11300000E+001   0.95963080E+002
  -0.11000000E+001   0.96190302E+002
  -0.10700000E+001   0.96430282E+002
  -0.10400000E+001   0.96683393E+002
  -0.10100000E+001   0.96950035E+002
  -0.97999998E+000   0.97230638E+002
  -0.94999998E+000   0.97525663E+002
  -0.91999998E+000   0.97835604E+002
  -0.88999998E+000   0.98160989E+002
  -0.85999998E+000   0.98502378E+002
  -0.82999998E+000   0.98860352E+002
  -0.79999998E+000   0.99235311E+002
  -0.76999998E+000   0.99629849E+002
  -0.73999998E+000   0.10004147E+003
  -0.70999998E+000   0.10047297E+003
  -0.67999998E+000   0.10092493E+003
  -0.64999998E+000   0.10139822E+003
  -0.61999998E+000   0.10189384E+003
  -0.58999999E+000   0.10241285E+003
  -0.55999999E+000   0.10295639E+003
  -0.52999999E+000   0.10352571E+003
  -0.49999999E+000   0.10412215E+003
  -0.46999999E+000   0.10474716E+003
  -0.43999999E+000   0.10540232E+003
  -0.40999999E+000   0.10608934E+003
  -0.37999999E+000   0.10681009E+003
  -0.34999999E+000   0.10756661E+003
  -0.31999999E+000   0.10836112E+003
  -0.28999999E+000   0.10919605E+003
  -0.25999999E+000   0.11007405E+003
  -0.22999999E+000   0.11099793E+003
  -0.19999999E+000   0.11197058E+003
  -0.17000000E+000   0.11299398E+003
  -0.14000000E+000   0.11408194E+003
  -0.11000000E+000   0.11525648E+003
  -0.79999998E-001   0.11645791E+003
  -0.49999999E-001   0.11774098E+003
  -0.19999999E-001   0.11910469E+003
   0.99999997E-002   0.12055512E+003
   0.39999999E-001   0.12210004E+003
   0.69999998E-001   0.12374857E+003
   0.99999997E-001   0.12551121E+003
   0.13000000E+000   0.12740008E+003
   0.16000000E+000   0.12942925E+003
   0.19000000E+000   0.13161511E+003
   0.21999999E+000   0.13397695E+003
   0.24999999E+000   0.13653760E+003
   0.27999999E+000   0.13932437E+003
   0.30999999E+000   0.14237018E+003
   0.33999999E+000   0.14571514E+003
   0.36999999E+000   0.14940868E+003
   0.39999999E+000   0.15351245E+003
   0.42999999E+000   0.15810445E+003
   0.45999999E+000   0.16328494E+003
   0.48999999E+000   0.16918530E+003
   0.51999999E+000   0.17598158E+003
   0.54999999E+000   0.18391622E+003
   0.57999999E+000   0.19333438E+003
   0.60999998E+000   0.20474813E+003
   0.63999998E+000   0.21895819E+003
   0.66999998E+000   0.23730484E+003
   0.69999998E+000   0.26224953E+003
   0.72999998E+000   0.29896139E+003
   0.75999998E+000   0.36091062E+003
   0.78999998E+000   0.50201588E+003
   0.81999998E+000   0.36181330E+004
   0.84999998E+000   0.19773245E+002
   0.87999998E+000   0.19285409E+002
   0.90999998E+000   0.19175363E+002
   0.93999998E+000   0.19123201E+002
   0.96999998E+000   0.19088147E+002
   0.99999997E+000   0.19060047E+002
   0.10300000E+001   0.19035409E+002
   0.10600000E+001   0.19012772E+002
   0.10900000E+001   0.18991436E+002
   0.11200000E+001   0.18971033E+002
   0.11500000E+001   0.18951352E+002
   0.11800000E+001   0.18932263E+002
   0.12100000E+001   0.18913686E+002
   0.12400000E+001   0.18895566E+002
   0.12700000E+001   0.18877864E+002
   0.13000000E+001   0.18860553E+002
   0.13300000E+001   0.18843613E+002
   0.13600000E+001   0.18827027E+002
   0.13900000E+001   0.18810785E+002
   0.14200000E+001   0.18794875E+002
   0.14500000E+001   0.18779290E+002
   0.14800000E+001   0.18764022E+002
   0.15100000E+001   0.18749067E+002
   0.15400000E+001   0.18734420E+002
   0.15700000E+001   0.18720075E+002
   0.16000000E+001   0.18706029E+002
   0.16300000E+001   0.18692279E+002
   0.16600000E+001   0.18678821E+002
   0.16900000E+001   0.18665653E+002
   0.17200000E+001   0.18652771E+002
   0.17500000E+001   0.18640174E+002
   0.17800000E+001   0.18627860E+002
   0.18100000E+001   0.18615825E+002
   0.18400000E+001   0.18604069E+002
   0.18700000E+001   0.18592589E+002
   0.19000000E+001   0.18581384E+002
   0.19300000E+001   0.18570451E+002
   0.19600000E+001   0.18559789E+002
   0.19900000E+001   0.18549397E+002
   0.20199999E+001   0.18539273E+002
   0.20499999E+001   0.18529415E+002
   0.20799999E+001   0.18519822E+002
   0.21099999E+001   0.18510492E+002
   0.21399999E+001   0.18501424E+002
   0.21699999E+001   0.18492617E+002
   0.21999999E+001   0.18484070E+002
   0.22299999E+001   0.18475780E+002
   0.22599999E+001   0.18467746E+002
   0.22899999E+001   0.18459968E+002
   0.23199999E+001   0.18452443E+002
   0.23499999E+001   0.18445171E+002
   0.23799999E+001   0.18438151E+002
   0.24099999E+001   0.18431380E+002
   0.24399999E+001   0.18424857E+002
   0.24699999E+001   0.18418583E+002
   0.24999999E+001   0.18412554E+002
   0.25299999E+001   0.18406771E+002
   0.25599999E+001   0.18401231E+002
   0.25899999E+001   0.18395935E+002
   0.26199999E+001   0.18390880E+002
   0.26499999E+001   0.18386066E+002
   0.26799999E+001   0.18381492E+002
   0.27099999E+001   0.18377156E+002
   0.27399999E+001   0.18373059E+002
   0.27699999E+001   0.18369199E+002
   0.27999999E+001   0.18365576E+002
   0.28299999E+001   0.18362188E+002
   0.28599999E+001   0.18359036E+002
   0.28899999E+001   0.18356119E+002
   0.29199999E+001   0.18353436E+002
   0.29499999E+001   0.18350986E+002
   0.29799999E+001   0.18348771E+002
   0.30099999E+001   0.18346789E+002
   0.30399999E+001   0.18345039E+002
   0.30699999E+001   0.18343524E+002
   0.30999999E+001   0.18342241E+002
   0.31299999E+001   0.18341191E+002
   0.31599999E+001   0.18340374E+002
   0.31899999E+001   0.18339791E+002
   0.32199999E+001   0.18339441E+002
   0.32499999E+001   0.18339326E+002
   0.32799999E+001   0.18339444E+002
   0.33099999E+001   0.18339797E+002
   0.33399999E+001   0.18340385E+002
   0.33699999E+001   0.18341209E+002
   0.33999999E+001   0.18342269E+002
   0.34299999E+001   0.18343566E+002
   0.34599999E+001   0.18345099E+002
   0.34899999E+001   0.18346871E+002
   0.35199999E+001   0.18348880E+002
   0.35499999E+001   0.18351129E+002
   0.35799999E+001   0.18353617E+002
   0.36099999E+001   0.18356345E+002
   0.36399999E+001   0.18359315E+002
   0.36699999E+001   0.18362525E+002
   0.36999999E+001   0.18365977E+002
   0.37299999E+001   0.18369672E+002
   0.37599999E+001   0.18373610E+002
   0.37899999E+001   0.18377792E+002
   0.38199999E+001   0.18382217E+002
   0.38499999E+001   0.18386887E+002
   0.38799999E+001   0.18391802E+002
   0.39099999E+001   0.18396962E+002
   0.39399999E+001   0.18402368E+002
   0.39699999E+001   0.18408021E+002
   0.39999999E+001   0.18413919E+002
   0.40299999E+001   0.18420065E+002
   0.40599999E+001   0.18426458E+002
   0.40899999E+001   0.18433098E+002
   0.41199999E+001   0.18439986E+002
   0.41499999E+001   0.18447122E+002
   0.41799999E+001   0.18454506E+002
   0.42099999E+001   0.18462140E+002
   0.42399999E+001   0.18470022E+002
   0.42699999E+001   0.18478154E+002
   0.42999999E+001   0.18486536E+002
   0.43299999E+001   0.18495168E+002
   0.43599999E+001   0.18504051E+002
   0.43899999E+001   0.18513185E+002
   0.44199999E+001   0.18522571E+002
   0.44499999E+001   0.18532210E+002
   0.44799999E+001   0.18542102E+002
   0.45099999E+001   0.18552249E+002
   0.45399999E+001   0.18562651E+002
   0.45699999E+001   0.18573309E+002
   0.45999999E+001   0.18584224E+002
   0.46299999E+001   0.18595398E+002
   0.46599999E+001   0.18606832E+002
   0.46899999E+001   0.18618528E+002
   0.47199999E+001   0.18630487E+002
   0.47499999E+001   0.18642710E+002
   0.47799999E+001   0.18655201E+002
   0.48099999E+001   0.18667960E+002
   0.48399999E+001   0.18680989E+002
   0.48699999E+001   0.18694292E+002
   0.48999999E+001   0.18707870E+002
   0.49299999E+001   0.18721726E+002
   0.49599999E+001   0.18735863E+002
   0.49899999E+001   0.18750282E+002
   0.50199999E+001   0.18764988E+002
   0.50499999E+001   0.18779983E+002
   0.50799999E+001   0.18795269E+002
   0.51099999E+001   0.18810851E+002
   0.51399999E+001   0.18826731E+002
   0.51699999E+001   0.18842913E+002
   0.51999999E+001   0.18859400E+002
   0.52299999E+001   0.18876197E+002
   0.52599999E+001   0.18893305E+002
   0.52899999E+001   0.18910730E+002
   0.53199999E+001   0.18928474E+002
   0.53499999E+001   0.18946543E+002
   0.53799999E+001   0.18964940E+002
   0.54099999E+001   0.18983669E+002
   0.54399999E+001   0.19002736E+002
   0.54699999E+001   0.19022144E+002
   0.54999999E+001   0.19041900E+002
   0.55299999E+001   0.19062008E+002
   0.55599999E+001   0.19082475E+002
   0.55899999E+001   0.19103309E+002
   0.56199999E+001   0.19124517E+002
   0.56499999E+001   0.19146111E+002
   0.56799999E+001   0.19168104E+002
   0.57099999E+001   0.19190511E+002
   0.57399999E+001   0.19213357E+002
   0.57699999E+001   0.19236672E+002
   0.57999999E+001   0.19260505E+002
   0.58299999E+001   0.19284930E+002
   0.58599999E+001   0.19310072E+002
   0.58899999E+001   0.19336157E+002
   0.59199999E+001   0.19363655E+002
   0.59499999E+001   0.19393703E+002
   0.59799999E+001   0.19429971E+002
   0.60099998E+001   0.19493892E+002
