  -0.49999999E+001   0.34273498E+002
  -0.49699999E+001   0.34433548E+002
  -0.49399999E+001   0.34604079E+002
  -0.49099999E+001   0.34785790E+002
  -0.48799999E+001   0.34979444E+002
  -0.48499999E+001   0.35185885E+002
  -0.48199999E+001   0.35406044E+002
  -0.47899999E+001   0.35640953E+002
  -0.47599999E+001   0.35891759E+002
  -0.47299999E+001   0.36159742E+002
  -0.46999999E+001   0.36446330E+002
  -0.46699999E+001   0.36753128E+002
  -0.46399999E+001   0.37081941E+002
  -0.46099999E+001   0.37434810E+002
  -0.45799999E+001   0.37814047E+002
  -0.45499999E+001   0.38222287E+002
  -0.45199999E+001   0.38662541E+002
  -0.44899999E+001   0.39138272E+002
  -0.44599999E+001   0.39653479E+002
  -0.44299999E+001   0.40212809E+002
  -0.43999999E+001   0.40821697E+002
  -0.43699999E+001   0.41486548E+002
  -0.43399999E+001   0.42214964E+002
  -0.43099999E+001   0.43016054E+002
  -0.42799999E+001   0.43900837E+002
  -0.42499999E+001   0.44882798E+002
  -0.42199999E+001   0.45978637E+002
  -0.41899999E+001   0.47209339E+002
  -0.41599999E+001   0.48601692E+002
  -0.41299999E+001   0.50190530E+002
  -0.40999999E+001   0.52022121E+002
  -0.40699999E+001   0.54159480E+002
  -0.40399999E+001   0.56691013E+002
  -0.40099999E+001   0.59745313E+002
  -0.39799999E+001   0.63518015E+002
  -0.39499999E+001   0.68324338E+002
  -0.39199999E+001   0.74712486E+002
  -0.38899999E+001   0.83743542E+002
  -0.38599999E+001   0.97833379E+002
  -0.38299999E+001   0.12427759E+003
  -0.37999999E+001   0.20681074E+003
  -0.37699999E+001   0.12539962E+001
  -0.37399999E+001   0.14734162E+000
  -0.37099999E+001   0.54614995E-001
  -0.36799999E+001   0.28413325E-001
  -0.36499999E+001   0.17470670E-001
  -0.36199999E+001   0.11873911E-001
  -0.35899999E+001   0.86281281E-002
  -0.35599999E+001   0.65768484E-002
  -0.35299999E+001   0.51967010E-002
  -0.34999999E+001   0.42227339E-002
  -0.34699999E+001   0.35090930E-002
  -0.34399999E+001   0.29700785E-002
  -0.34099999E+001   0.25526349E-002
  -0.33799999E+001   0.22224783E-002
  -0.33499999E+001   0.19566472E-002
  -0.33199999E+001   0.17392889E-002
  -0.32899999E+001   0.15591693E-002
  -0.32599999E+001   0.14081444E-002
  -0.32299999E+001   0.12801918E-002
  -0.31999999E+001   0.11707791E-002
  -0.31699999E+001   0.10764413E-002
  -0.31399999E+001   0.99449178E-003
  -0.31099999E+001   0.92282132E-003
  -0.30799999E+001   0.85975456E-003
  -0.30499999E+001   0.80394696E-003
  -0.30199999E+001   0.75430907E-003
  -0.29899999E+001   0.70995039E-003
  -0.29599999E+001   0.67013715E-003
  -0.29299999E+001   0.63426018E-003
  -0.28999999E+001   0.60181030E-003
  -0.28699999E+001   0.57235912E-003
  -0.28399999E+001   0.54554409E-003
  -0.28099999E+001   0.52105668E-003
  -0.27799999E+001   0.49863292E-003
  -0.27499999E+001   0.47804590E-003
  -0.27199999E+001   0.45909964E-003
  -0.26899999E+001   0.44162417E-003
  -0.26599999E+001   0.42547147E-003
  -0.26299999E+001   0.41051212E-003
  -0.25999999E+001   0.39663259E-003
  -0.25699999E+001   0.38373291E-003
  -0.25399999E+001   0.37172482E-003
  -0.25099999E+001   0.36053009E-003
  -0.24799999E+001   0.35007924E-003
  -0.24499999E+001   0.34031036E-003
  -0.24199999E+001   0.33116817E-003
  -0.23899999E+001   0.32260316E-003
  -0.23599999E+001   0.31457088E-003
  -0.23299999E+001   0.30703138E-003
  -0.22999999E+001   0.29994865E-003
  -0.22699999E+001   0.29329015E-003
  -0.22399999E+001   0.28702647E-003
  -0.22099999E+001   0.28113093E-003
  -0.21799999E+001   0.27557935E-003
  -0.21499999E+001   0.27034971E-003
  -0.21199999E+001   0.26542200E-003
  -0.20899999E+001   0.26077798E-003
  -0.20599999E+001   0.25640098E-003
  -0.20299999E+001   0.25227581E-003
  -0.19999999E+001   0.24838857E-003
  -0.19700000E+001   0.24472656E-003
  -0.19400000E+001   0.24127814E-003
  -0.19100000E+001   0.23803267E-003
  -0.18800000E+001   0.23498039E-003
  -0.18500000E+001   0.23211239E-003
  -0.18200000E+001   0.22942049E-003
  -0.17900000E+001   0.22689721E-003
  -0.17600000E+001   0.22453573E-003
  -0.17300000E+001   0.22232981E-003
  -0.17000000E+001   0.22027375E-003
  -0.16700000E+001   0.21836239E-003
  -0.16400000E+001   0.21659102E-003
  -0.16100000E+001   0.21495540E-003
  -0.15800000E+001   0.21345171E-003
  -0.15500000E+001   0.21207651E-003
  -0.15200000E+001   0.21082676E-003
  -0.14900000E+001   0.20969977E-003
  -0.14600000E+001   0.20869318E-003
  -0.14300000E+001   0.20780497E-003
  -0.14000000E+001   0.20703344E-003
  -0.13700000E+001   0.20637719E-003
  -0.13400000E+001   0.20583512E-003
  -0.13100000E+001   0.20540641E-003
  -0.12800000E+001   0.20509055E-003
  -0.12500000E+001   0.20488729E-003
  -0.12200000E+001   0.20479668E-003
  -0.11900000E+001   0.20481904E-003
  -0.11600000E+001   0.20495498E-003
  -0.11300000E+001   0.20520539E-003
  -0.11000000E+001   0.20557145E-003
  -0.10700000E+001   0.20605464E-003
  -0.10400000E+001   0.20665675E-003
  -0.10100000E+001   0.20737987E-003
  -0.97999998E+000   0.20822643E-003
  -0.94999998E+000   0.20919918E-003
  -0.91999998E+000   0.21030125E-003
  -0.88999998E+000   0.21153611E-003
  -0.85999998E+000   0.21290764E-003
  -0.82999998E+000   0.21442014E-003
  -0.79999998E+000   0.21607832E-003
  -0.76999998E+000   0.21788739E-003
  -0.73999998E+000   0.21985303E-003
  -0.70999998E+000   0.22198147E-003
  -0.67999998E+000   0.22427950E-003
  -0.64999998E+000   0.22675454E-003
  -0.61999998E+000   0.22941467E-003
  -0.58999999E+000   0.23226869E-003
  -0.55999999E+000   0.23532617E-003
  -0.52999999E+000   0.23859754E-003
  -0.49999999E+000   0.24209414E-003
  -0.46999999E+000   0.24582833E-003
  -0.43999999E+000   0.24981357E-003
  -0.40999999E+000   0.25406451E-003
  -0.37999999E+000   0.25859715E-003
  -0.34999999E+000   0.26342893E-003
  -0.31999999E+000   0.26857891E-003
  -0.28999999E+000   0.27406790E-003
  -0.25999999E+000   0.27991871E-003
  -0.22999999E+000   0.28615631E-003
  -0.19999999E+000   0.29280809E-003
  -0.17000000E+000   0.29990416E-003
  -0.14000000E+000   0.30747761E-003
  -0.11000000E+000   0.31556493E-003
  -0.79999998E-001   0.32420638E-003
  -0.49999999E-001   0.33344648E-003
  -0.19999999E-001   0.34333453E-003
   0.99999997E-002   0.35392525E-003
   0.39999999E-001   0.36527949E-003
   0.69999998E-001   0.37746506E-003
   0.99999997E-001   0.39055771E-003
   0.13000000E+000   0.40464224E-003
   0.16000000E+000   0.41981385E-003
   0.19000000E+000   0.43617966E-003
   0.21999999E+000   0.45386058E-003
   0.24999999E+000   0.47299344E-003
   0.27999999E+000   0.49373361E-003
   0.30999999E+000   0.51625802E-003
   0.33999999E+000   0.54076893E-003
   0.36999999E+000   0.56749831E-003
   0.39999999E+000   0.59671326E-003
   0.42999999E+000   0.62872257E-003
   0.45999999E+000   0.66388479E-003
   0.48999999E+000   0.70261809E-003
   0.51999999E+000   0.74541257E-003
   0.54999999E+000   0.79284562E-003
   0.57999999E+000   0.84560119E-003
   0.60999998E+000   0.90449425E-003
   0.63999998E+000   0.97050208E-003
   0.66999998E+000   0.10448045E-002
   0.69999998E+000   0.11288363E-002
   0.72999998E+000   0.12243564E-002
   0.75999998E+000   0.13335392E-002
   0.78999998E+000   0.14590984E-002
   0.81999998E+000   0.16044552E-002
   0.84999998E+000   0.17739708E-002
   0.87999998E+000   0.19732744E-002
   0.90999998E+000   0.22097305E-002
   0.93999998E+000   0.24931216E-002
   0.96999998E+000   0.28366644E-002
   0.99999997E+000   0.32585610E-002
   0.10300000E+001   0.37844316E-002
   0.10600000E+001   0.44512500E-002
   0.10900000E+001   0.53139457E-002
   0.11200000E+001   0.64569497E-002
   0.11500000E+001   0.80154112E-002
   0.11800000E+001   0.10216572E-001
   0.12100000E+001   0.13466534E-001
   0.12400000E+001   0.18549647E-001
   0.12700000E+001   0.27144455E-001
   0.13000000E+001   0.43393096E-001
   0.13300000E+001   0.79946344E-001
   0.13600000E+001   0.19231663E+000
   0.13900000E+001   0.93236869E+000
   0.14200000E+001   0.17396680E+004
   0.14500000E+001   0.65447158E+003
   0.14800000E+001   0.47955899E+003
   0.15100000E+001   0.39678058E+003
   0.15400000E+001   0.34609816E+003
   0.15700000E+001   0.31099877E+003
   0.16000000E+001   0.28485545E+003
   0.16300000E+001   0.26441680E+003
   0.16600000E+001   0.24787468E+003
   0.16900000E+001   0.23413363E+003
   0.17200000E+001   0.22248652E+003
   0.17500000E+001   0.21245351E+003
   0.17800000E+001   0.20369555E+003
   0.18100000E+001   0.19596508E+003
   0.18400000E+001   0.18907657E+003
   0.18700000E+001   0.18288804E+003
   0.19000000E+001   0.17728900E+003
   0.19300000E+001   0.17219220E+003
   0.19600000E+001   0.16752776E+003
   0.19900000E+001   0.16323896E+003
   0.20199999E+001   0.15927914E+003
   0.20499999E+001   0.15560938E+003
   0.20799999E+001   0.15219684E+003
   0.21099999E+001   0.14901352E+003
   0.21399999E+001   0.14603537E+003
   0.21699999E+001   0.14324163E+003
   0.21999999E+001   0.14061436E+003
   0.22299999E+001   0.13813797E+003
   0.22599999E+001   0.13579909E+003
   0.22899999E+001   0.13358625E+003
   0.23199999E+001   0.13149000E+003
   0.23499999E+001   0.12950349E+003
   0.23799999E+001   0.12762566E+003
   0.24099999E+001   0.12588055E+003
   0.24399999E+001   0.12460525E+003
   0.24699999E+001   0.36694095E+003
   0.24999999E+001   0.24113532E+003
   0.25299999E+001   0.21045198E+003
   0.25599999E+001   0.19442315E+003
   0.25899999E+001   0.18392731E+003
   0.26199999E+001   0.17623020E+003
   0.26499999E+001   0.17018805E+003
   0.26799999E+001   0.16522631E+003
   0.27099999E+001   0.16102022E+003
   0.27399999E+001   0.15737021E+003
   0.27699999E+001   0.15414580E+003
   0.27999999E+001   0.15125739E+003
   0.28299999E+001   0.14864107E+003
   0.28599999E+001   0.14624971E+003
   0.28899999E+001   0.14404766E+003
   0.29199999E+001   0.14200727E+003
   0.29499999E+001   0.14010671E+003
   0.29799999E+001   0.13832839E+003
   0.30099999E+001   0.13665796E+003
   0.30399999E+001   0.13508352E+003
   0.30699999E+001   0.13359507E+003
   0.30999999E+001   0.13218416E+003
   0.31299999E+001   0.13084354E+003
   0.31599999E+001   0.12956695E+003
   0.31899999E+001   0.12834897E+003
   0.32199999E+001   0.12718486E+003
   0.32499999E+001   0.12607045E+003
   0.32799999E+001   0.12500208E+003
   0.33099999E+001   0.12397652E+003
   0.33399999E+001   0.12299088E+003
   0.33699999E+001   0.12204260E+003
   0.33999999E+001   0.12112941E+003
   0.34299999E+001   0.12024925E+003
   0.34599999E+001   0.11940028E+003
   0.34899999E+001   0.11858081E+003
   0.35199999E+001   0.11778933E+003
   0.35499999E+001   0.11702443E+003
   0.35799999E+001   0.11628483E+003
   0.36099999E+001   0.11556934E+003
   0.36399999E+001   0.11487684E+003
   0.36699999E+001   0.11420629E+003
   0.36999999E+001   0.11355674E+003
   0.37299999E+001   0.11292726E+003
   0.37599999E+001   0.11231700E+003
   0.37899999E+001   0.11172517E+003
   0.38199999E+001   0.11115102E+003
   0.38499999E+001   0.11059384E+003
   0.38799999E+001   0.11005301E+003
   0.39099999E+001   0.10952790E+003
   0.39399999E+001   0.10901797E+003
   0.39699999E+001   0.10852270E+003
   0.39999999E+001   0.10804161E+003
   0.40299999E+001   0.10757427E+003
   0.40599999E+001   0.10712026E+003
   0.40899999E+001   0.10667920E+003
   0.41199999E+001   0.10625075E+003
   0.41499999E+001   0.10583455E+003
   0.41799999E+001   0.10543029E+003
   0.42099999E+001   0.10503767E+003
   0.42399999E+001   0.10465638E+003
   0.42699999E+001   0.10428614E+003
   0.42999999E+001   0.10392668E+003
   0.43299999E+001   0.10357771E+003
   0.43599999E+001   0.10323898E+003
   0.43899999E+001   0.10291022E+003
   0.44199999E+001   0.10259118E+003
   0.44499999E+001   0.10228162E+003
   0.44799999E+001   0.10198132E+003
   0.45099999E+001   0.10169006E+003
   0.45399999E+001   0.10140763E+003
   0.45699999E+001   0.10113384E+003
   0.45999999E+001   0.10086853E+003
   0.46299999E+001   0.10061153E+003
   0.46599999E+001   0.10036272E+003
   0.46899999E+001   0.10012195E+003
   0.47199999E+001   0.99889131E+002
   0.47499999E+001   0.99664157E+002
   0.47799999E+001   0.99446946E+002
   0.48099999E+001   0.99237422E+002
   0.48399999E+001   0.99035516E+002
   0.48699999E+001   0.98841167E+002
   0.48999999E+001   0.98654315E+002
   0.49299999E+001   0.98474902E+002
   0.49599999E+001   0.98302872E+002
   0.49899999E+001   0.98138167E+002
   0.50199999E+001   0.97980728E+002
   0.50499999E+001   0.97830494E+002
   0.50799999E+001   0.97687405E+002
   0.51099999E+001   0.97551400E+002
   0.51399999E+001   0.97422417E+002
   0.51699999E+001   0.97300400E+002
   0.51999999E+001   0.97185295E+002
   0.52299999E+001   0.97077053E+002
   0.52599999E+001   0.96975633E+002
   0.52899999E+001   0.96881004E+002
   0.53199999E+001   0.96793142E+002
   0.53499999E+001   0.96712038E+002
   0.53799999E+001   0.96637692E+002
   0.54099999E+001   0.96570114E+002
   0.54399999E+001   0.96509328E+002
   0.54699999E+001   0.96455368E+002
   0.54999999E+001   0.96408277E+002
   0.55299999E+001   0.96368105E+002
   0.55599999E+001   0.96334910E+002
   0.55899999E+001   0.96308755E+002
   0.56199999E+001   0.96289704E+002
   0.56499999E+001   0.96277824E+002
   0.56799999E+001   0.96273182E+002
   0.57099999E+001   0.96275844E+002
   0.57399999E+001   0.96285874E+002
   0.57699999E+001   0.96303335E+002
   0.57999999E+001   0.96328288E+002
   0.58299999E+001   0.96360794E+002
   0.58599999E+001   0.96400914E+002
   0.58899999E+001   0.96448715E+002
   0.59199999E+001   0.96504265E+002
   0.59499999E+001   0.96567639E+002
   0.59799999E+001   0.96638926E+002
   0.60099998E+001   0.96718221E+002
